	10 0 0
	0 10 0
	0 0 10
6.89692 0.625847 0.367688
5.2772 5.68503 7.51397
6.57519 3.77297 8.49516
0.12199 4.40091 7.44452
7.25819 8.01258 4.34397
2.20932 4.18795 0.203409
2.02808 8.29646 8.05535
9.50844 1.33818 2.73376
4.82009 6.3817 4.86687
6.38315 5.88988 4.11362
0.691255 1.53882 9.62342
1.39084 3.42111 6.24414
4.05007 6.123 7.70377
2.01577 1.17816 2.45029
9.77273 1.29367 8.98367
1.18131 7.81565 3.40234
0.718015 0.0324112 0.650474
7.41342 1.94652 7.7907
0.868157 9.14889 1.2751
4.15506 9.07797 0.553447
0.571311 2.85188 2.20753
3.56087 7.43212 7.72975
7.53722 9.71355 1.02581
8.83238 8.80492 8.56063
4.4502 8.7553 1.81831
8.91609 5.33292 0.940007
3.62713 8.37149 2.22605
1.50425 9.46681 3.62759
6.87688 6.80051 3.03026
6.34518 5.77502 7.81902
1.61252 0.185408 2.51013
9.42164 5.26265 3.64274
5.64576 7.51275 8.98172
8.38236 6.47867 6.50832
4.99559 0.935306 6.63737
5.53085 4.43487 5.06557
5.68439 5.14954 6.73543
5.19342 9.70562 9.76119
7.27236 5.43089 6.0031
7.148 8.604 3.4384
3.19395 8.94064 0.448563
7.18681 0.939798 5.53916
8.70145 7.48035 3.7225
8.39038 9.43884 0.283285
5.33936 1.54517 5.94601
5.31409 9.67973 3.50842
5.93321 9.90798 7.40355
0.183254 7.78242 3.18093
8.11464 5.52739 0.240815
1.46979 9.08837 6.80486
0.26981 7.52848 7.86053
9.08955 2.72826 0.161953
2.70798 7.13725 4.86299
7.04448 3.15988 5.93059
5.31428 0.800442 9.73889
7.91486 3.24803 5.35908
2.40651 2.65539 2.08523
8.90115 6.27866 0.809449
7.24464 0.492868 3.934
4.7766 5.22127 5.74803
7.75047 5.52121 2.86989
8.32614 5.02163 4.65206
7.52263 9.32202 2.42524
1.61231 6.19021 9.607
8.01903 9.88225 5.88099
7.85145 3.11411 2.34405
2.86347 8.51047 3.60772
7.98899 7.26335 2.64454
9.95969 8.22626 5.73665
2.80643 5.0013 6.45081
1.63024 3.28507 2.91292
4.10676 5.54425 6.5464
0.49738 2.51518 0.09858
9.84672 4.31283 8.86745
8.80086 5.64861 6.82474
8.90872 4.94864 2.3552
7.41409 4.06727 2.34795
0.0108353 1.10234 6.41479
3.71779 8.81949 6.55067
8.44421 2.04678 5.63044
0.0272332 4.16057 0.694582
2.16253 1.07089 1.07422
8.22873 0.0900834 8.50079
5.23262 8.79297 1.28845
4.18692 5.34368 4.78987
2.18015 8.02019 0.150695
6.84054 2.44206 9.97821
7.75095 1.63507 1.08239
2.034 0.10727 8.30095
6.04208 9.30915 1.037
2.9824 8.87737 9.12947
2.68206 8.42681 1.58888
5.03344 5.90044 9.47593
6.6435 3.60962 1.58445
9.73551 7.93867 0.776319
6.02964 9.35452 8.71034
0.825827 3.83848 4.23187
8.88766 4.25776 4.43755
5.4851 0.771968 1.32675
8.02401 3.62748 9.67049

